shape_id,shape_pt_lat,shape_pt_lon,shape_pt_sequence,shape_dist_traveled
1,10.77099722,122.58347222,1,
1,10.76923889,122.582425,2,
1,10.76843056,122.58193611,3,
1,10.76601944,122.58043611,4,
1,10.76423333,122.57926667,5,
1,10.76179722,122.57761944,6,
1,10.75986944,122.57634722,7,
1,10.75775833,122.57500833,8,
1,10.75625278,122.57397778,9,
1,10.75521389,122.57327222,10,
1,10.75424167,122.57251111,11,
1,10.7516,122.57077222,12,
1,10.74895,122.56901944,13,
1,10.74548889,122.56677778,14,
1,10.74129722,122.564025,15,
1,10.74044167,122.56341111,16,
1,10.738675,122.56239722,17,
1,10.736875,122.56146111,18,
1,10.73455556,122.56053611,19,
1,10.73324167,122.56008333,20,
1,10.73138611,122.55947222,21,
1,10.730525,122.55914722,22,
1,10.72913333,122.557175,23,
1,10.72832222,122.55635833,24,
1,10.72671667,122.55611389,25,
1,10.72535,122.55671667,26,
1,10.72376944,122.55702222,27,
1,10.72371389,122.55850278,28,
1,10.72209722,122.56,29,
1,10.72109722,122.56108333,30,
1,10.71988889,122.56238889,31,
1,10.71898333,122.56333056,32,
1,10.71611667,122.56228333,33,
1,10.7152,122.562825,34,
1,10.71450278,122.56330556,35,
1,10.71241944,122.564625,36,
1,10.71050278,122.56575,37,
1,10.70966667,122.56630278,38,
1,10.70872778,122.56673056,39,
1,10.70724444,122.56704167,40,
1,10.70391389,122.56789444,41,
1,10.701475,122.56700278,42,
1,10.70281111,122.56801944,43,
1,10.70135556,122.56599444,44,
1,10.70095556,122.56329167,45,
1,10.69960556,122.56166944,46,
1,10.69750556,122.56164722,47,
1,10.69449722,122.56162778,48,
1,10.69564722,122.561625,49,
1,10.69308056,122.561625,50,
1,10.69219722,122.56286111,51,
1,10.69191389,122.56416111,52,
1,10.69290556,122.56479722,53,
1,10.69331944,122.56565833,54,
1,10.69272222,122.56626111,55,
1,10.69189444,122.56875833,56,
1,10.69198333,122.57007778,57,
2,10.69234722,122.57088889,1,
2,10.69315556,122.57148333,2,
2,10.69266944,122.57215,3,
2,10.692475,122.57304444,4,
2,10.69172222,122.57339167,5,
2,10.69209444,122.57089167,6,
2,10.6922,122.56946111,7,
2,10.69201667,122.56870556,8,
2,10.69318333,122.56637222,9,
2,10.69340833,122.56698889,10,
2,10.69582222,122.56786944,11,
2,10.69750556,122.56783889,12,
2,10.69831389,122.56783333,13,
2,10.70075833,122.56774722,14,
2,10.70154444,122.56862778,15,
2,10.70265,122.56952222,16,
2,10.70364444,122.56918889,17,
2,10.70388611,122.56729167,18,
2,10.70978333,122.56645278,19,
2,10.71058056,122.56593889,20,
2,10.71203889,122.56501944,21,
2,10.71361667,122.56406389,22,
2,10.71461667,122.56338333,23,
2,10.716625,122.56212778,24,
2,10.71771389,122.56258611,25,
2,10.72075278,122.56164444,26,
2,10.72374722,122.55861944,27,
2,10.73041944,122.55930556,28,
2,10.73145556,122.55963889,29,
2,10.73277222,122.56009167,30,
2,10.73393611,122.56048611,31,
2,10.73675278,122.561575,32,
2,10.73771667,122.561575,33,
2,10.73954167,122.56308889,34,
2,10.74128333,122.56418056,35,
2,10.74386944,122.56586389,36,
2,10.74513889,122.56671944,37,
2,10.74863333,122.56898056,38,
2,10.75414444,122.57265833,39,
2,10.75526389,122.573475,40,
2,10.75644444,122.57428611,41,
2,10.75366944,122.57233333,42,
2,10.74909167,122.56928611,43,
2,10.75164444,122.57097222,44,
2,10.75778333,122.57519167,45,
2,10.75969444,122.57641944,46,
2,10.76284167,122.57852222,47,
2,10.76413333,122.579375,48,
2,10.76576944,122.58045556,49,
2,10.76783333,122.58175,50,
2,10.76924722,122.582575,51,
2,10.77078056,122.58354167,52,
2,10.77156944,122.58399722,53,
