shape_id,shape_pt_lat,shape_pt_lon,shape_pt_sequence,shape_dist_traveled
1,10.74629167,122.53926111,1,
1,10.74153611,122.54015,2,
1,10.74064722,122.54085278,3,
1,10.73921389,122.54232778,4,
1,10.738375,122.54317222,5,
1,10.73691111,122.54482778,6,
1,10.73576111,122.54608611,7,
1,10.73478889,122.54725833,8,
1,10.73407778,122.54808611,9,
1,10.73340833,122.548875,10,
1,10.73245,122.54997778,11,
1,10.73064167,122.55212778,12,
1,10.72904444,122.55385,13,
1,10.72792778,122.55499167,14,
1,10.726775,122.55603611,15,
1,10.72522222,122.55656389,16,
1,10.72388611,122.556875,17,
1,10.72151111,122.55876667,18,
1,10.71996111,122.5598,19,
1,10.71826667,122.56090833,20,
1,10.71742222,122.56146111,21,
1,10.71608611,122.56226667,22,
1,10.715125,122.56285556,23,
1,10.71440833,122.56334167,24,
1,10.712375,122.56459167,25,
1,10.71056389,122.56569167,26,
1,10.70978889,122.56621944,27,
1,10.70869167,122.56671944,28,
1,10.70720833,122.567075,29,
1,10.70403889,122.56788333,30,
1,10.70281667,122.56799722,31,
1,10.70085278,122.56895556,32,
1,10.69816667,122.56895833,33,
1,10.69715833,122.56898056,34,
1,10.69595,122.56947222,35,
1,10.69415278,122.57080278,36,
1,10.69251667,122.572975,37,
1,10.69157222,122.57396111,38,
1,10.69066389,122.57523611,39,
1,10.68863333,122.57831667,40,
1,10.68823056,122.579925,41,
1,10.69069444,122.58238611,42,
1,10.69220278,122.58278611,43,
1,10.69166944,122.58254722,44,
1,10.69073056,122.58224444,45,
1,10.68838611,122.57989722,46,
1,10.68876944,122.57840278,47,
1,10.68944444,122.57766389,48,
1,10.69045278,122.57703333,49,
1,10.691475,122.57558333,50,
1,10.69213056,122.57400278,51,
1,10.69288056,122.57279167,52,
1,10.6938,122.57136111,53,
1,10.69549444,122.57008056,54,
1,10.69625,122.56944722,55,
1,10.69731944,122.56914722,56,
1,10.69831111,122.56918889,57,
1,10.69940833,122.56918333,58,
1,10.70059444,122.56919722,59,
1,10.70251667,122.56816667,60,
1,10.70403889,122.56802222,61,
1,10.70805,122.567525,62,
1,10.70891111,122.56722778,63,
1,10.70976389,122.56645,64,
1,10.71069167,122.56586111,65,
1,10.71198333,122.56506667,66,
1,10.71353611,122.5641,67,
1,10.71466944,122.56335833,68,
1,10.71659444,122.56215,69,
1,10.71745278,122.56159722,70,
1,10.71821944,122.56110556,71,
1,10.71995556,122.55998056,72,
1,10.72178333,122.55874444,73,
1,10.722525,122.55820833,74,
1,10.72515,122.55750278,75,
1,10.72762778,122.55743611,76,
1,10.72783889,122.55588333,77,
1,10.72826111,122.55484722,78,
1,10.72913611,122.55392222,79,
1,10.73070556,122.55221667,80,
1,10.73288056,122.54969167,81,
1,10.73413333,122.54820833,82,
1,10.73490556,122.54730278,83,
1,10.73594444,122.54610556,84,
1,10.73697222,122.54496944,85,
1,10.73849722,122.54327778,86,
1,10.73961944,122.54209444,87,
1,10.74088056,122.54078333,88,
1,10.74153611,122.540275,89,
1,10.74204722,122.53960833,90,
